{
 "cells": [
  {
   "cell_type": "code",
   "execution_count": 1,
   "id": "91c9e37b",
   "metadata": {},
   "outputs": [],
   "source": [
    "import os\n",
    "os.environ['HF_ENDPOINT'] = 'https://hf-mirror.com'\n",
    "from transformers import AutoTokenizer,AutoConfig,AutoModel"
   ]
  },
  {
   "cell_type": "code",
   "execution_count": 2,
   "id": "f2a6a0b8",
   "metadata": {},
   "outputs": [
    {
     "data": {
      "application/vnd.jupyter.widget-view+json": {
       "model_id": "75e98f0b11624683afa9ccf7c9c6f9af",
       "version_major": 2,
       "version_minor": 0
      },
      "text/plain": [
       "config.json: 0.00B [00:00, ?B/s]"
      ]
     },
     "metadata": {},
     "output_type": "display_data"
    },
    {
     "data": {
      "application/vnd.jupyter.widget-view+json": {
       "model_id": "6416b9e94c7d43188e8d9c4a033a8a03",
       "version_major": 2,
       "version_minor": 0
      },
      "text/plain": [
       "config.json: 0.00B [00:00, ?B/s]"
      ]
     },
     "metadata": {},
     "output_type": "display_data"
    },
    {
     "data": {
      "application/vnd.jupyter.widget-view+json": {
       "model_id": "c00039e959124d509d46925216b0f42d",
       "version_major": 2,
       "version_minor": 0
      },
      "text/plain": [
       "pytorch_model.bin:   0%|          | 0.00/156M [00:00<?, ?B/s]"
      ]
     },
     "metadata": {},
     "output_type": "display_data"
    }
   ],
   "source": [
    "model = AutoModel.from_pretrained(\"hfl/rbt3\", force_download=True)"
   ]
  },
  {
   "cell_type": "code",
   "execution_count": 4,
   "id": "f2cbf916",
   "metadata": {},
   "outputs": [
    {
     "data": {
      "text/plain": [
       "BertConfig {\n",
       "  \"_name_or_path\": \"hfl/rbt3\",\n",
       "  \"architectures\": [\n",
       "    \"BertForMaskedLM\"\n",
       "  ],\n",
       "  \"attention_probs_dropout_prob\": 0.1,\n",
       "  \"classifier_dropout\": null,\n",
       "  \"directionality\": \"bidi\",\n",
       "  \"hidden_act\": \"gelu\",\n",
       "  \"hidden_dropout_prob\": 0.1,\n",
       "  \"hidden_size\": 768,\n",
       "  \"initializer_range\": 0.02,\n",
       "  \"intermediate_size\": 3072,\n",
       "  \"layer_norm_eps\": 1e-12,\n",
       "  \"max_position_embeddings\": 512,\n",
       "  \"model_type\": \"bert\",\n",
       "  \"num_attention_heads\": 12,\n",
       "  \"num_hidden_layers\": 3,\n",
       "  \"output_past\": true,\n",
       "  \"pad_token_id\": 0,\n",
       "  \"pooler_fc_size\": 768,\n",
       "  \"pooler_num_attention_heads\": 12,\n",
       "  \"pooler_num_fc_layers\": 3,\n",
       "  \"pooler_size_per_head\": 128,\n",
       "  \"pooler_type\": \"first_token_transform\",\n",
       "  \"position_embedding_type\": \"absolute\",\n",
       "  \"transformers_version\": \"4.42.4\",\n",
       "  \"type_vocab_size\": 2,\n",
       "  \"use_cache\": true,\n",
       "  \"vocab_size\": 21128\n",
       "}"
      ]
     },
     "execution_count": 4,
     "metadata": {},
     "output_type": "execute_result"
    }
   ],
   "source": [
    "model.config"
   ]
  },
  {
   "cell_type": "code",
   "execution_count": 5,
   "id": "07b69618",
   "metadata": {},
   "outputs": [],
   "source": [
    "config = AutoConfig.from_pretrained(\"hfl/rbt3\")"
   ]
  },
  {
   "cell_type": "code",
   "execution_count": 6,
   "id": "15f3606a",
   "metadata": {},
   "outputs": [
    {
     "data": {
      "text/plain": [
       "False"
      ]
     },
     "execution_count": 6,
     "metadata": {},
     "output_type": "execute_result"
    }
   ],
   "source": [
    "config.output_attentions"
   ]
  },
  {
   "cell_type": "code",
   "execution_count": 7,
   "id": "ec73d75f",
   "metadata": {},
   "outputs": [],
   "source": [
    "from transformers import BertConfig"
   ]
  },
  {
   "cell_type": "code",
   "execution_count": 8,
   "id": "9b1ddd8a",
   "metadata": {},
   "outputs": [
    {
     "data": {
      "text/plain": [
       "{'input_ids': tensor([[ 101, 2769, 3300,  671,  702, 1920, 3457, 2682,  102]]), 'token_type_ids': tensor([[0, 0, 0, 0, 0, 0, 0, 0, 0]]), 'attention_mask': tensor([[1, 1, 1, 1, 1, 1, 1, 1, 1]])}"
      ]
     },
     "execution_count": 8,
     "metadata": {},
     "output_type": "execute_result"
    }
   ],
   "source": [
    "sen = '我有一个大梦想'\n",
    "tokenizer = AutoTokenizer.from_pretrained(\"hfl/rbt3\")\n",
    "inputs = tokenizer(sen,return_tensors='pt')\n",
    "inputs"
   ]
  },
  {
   "cell_type": "markdown",
   "id": "6ca31568",
   "metadata": {},
   "source": [
    "### 不带model head的模型调用"
   ]
  },
  {
   "cell_type": "code",
   "execution_count": 9,
   "id": "3b14c023",
   "metadata": {},
   "outputs": [],
   "source": [
    "model = AutoModel.from_pretrained(\"hfl/rbt3\", output_attentions=True)"
   ]
  },
  {
   "cell_type": "code",
   "execution_count": 10,
   "id": "7baa478b",
   "metadata": {},
   "outputs": [
    {
     "name": "stderr",
     "output_type": "stream",
     "text": [
      "BertSdpaSelfAttention is used but `torch.nn.functional.scaled_dot_product_attention` does not support non-absolute `position_embedding_type` or `output_attentions=True` or `head_mask`. Falling back to the manual attention implementation, but specifying the manual implementation will be required from Transformers version v5.0.0 onwards. This warning can be removed using the argument `attn_implementation=\"eager\"` when loading the model.\n"
     ]
    },
    {
     "data": {
      "text/plain": [
       "BaseModelOutputWithPoolingAndCrossAttentions(last_hidden_state=tensor([[[ 0.1647,  0.3857,  0.3149,  ...,  0.0944, -0.1619, -0.1597],\n",
       "         [ 0.3720,  0.0687,  0.1679,  ..., -0.1360, -0.1229, -0.4236],\n",
       "         [ 0.4191,  0.1403, -0.1890,  ..., -0.1901, -0.1273,  0.0124],\n",
       "         ...,\n",
       "         [ 0.0624,  0.2664,  0.7679,  ..., -0.2146, -0.4831, -0.1888],\n",
       "         [ 0.0828,  0.5760, -0.1392,  ..., -0.1658,  0.4151,  0.2912],\n",
       "         [ 0.1563,  0.3899,  0.3133,  ...,  0.0954, -0.1641, -0.1557]]],\n",
       "       grad_fn=<NativeLayerNormBackward0>), pooler_output=tensor([[-2.6644e-02, -9.9853e-01, -9.9998e-01, -2.1813e-01,  1.3261e-01,\n",
       "         -1.6209e-01, -1.6914e-01,  1.6213e-01,  9.9398e-01,  9.9981e-01,\n",
       "         -5.4771e-02, -1.0000e+00,  1.6262e-01,  9.9992e-01, -9.9999e-01,\n",
       "          9.9991e-01,  9.9595e-01,  6.0088e-01, -9.9899e-01, -7.0312e-02,\n",
       "         -9.9397e-01, -7.8338e-01,  1.0253e-01,  9.1509e-01,  9.9417e-01,\n",
       "         -9.9914e-01, -9.9999e-01,  2.6401e-01, -8.8692e-01, -9.9936e-01,\n",
       "         -9.8801e-01, -9.9967e-01,  4.7014e-01,  9.1160e-02,  9.9947e-01,\n",
       "         -8.1523e-01,  4.3050e-02, -9.7640e-01, -9.9757e-01, -9.9755e-01,\n",
       "         -1.5080e-01,  9.9384e-01, -6.6253e-02,  9.9959e-01,  9.8043e-02,\n",
       "          2.1243e-02,  9.9995e-01,  9.9080e-01, -2.0091e-01, -7.8202e-01,\n",
       "         -2.2661e-01, -2.7829e-01, -9.3173e-01,  9.9856e-01,  2.6064e-01,\n",
       "          3.7830e-02,  9.9892e-01, -9.9999e-01, -9.9888e-01,  9.8890e-01,\n",
       "         -9.9970e-01,  9.9706e-01,  9.7871e-01,  9.9741e-01,  7.0648e-03,\n",
       "          9.9673e-01,  9.9164e-01,  5.7488e-01, -3.9058e-01, -9.9996e-01,\n",
       "         -4.3758e-01, -9.8725e-01, -9.9972e-01, -6.3673e-02, -3.1638e-01,\n",
       "         -9.9743e-01,  9.9717e-01, -1.7066e-01,  9.9987e-01,  4.8329e-02,\n",
       "         -9.9786e-01,  4.4615e-01,  8.4450e-02, -1.4816e-01,  9.9846e-01,\n",
       "          9.9999e-01,  1.5134e-02, -9.8533e-01, -2.0515e-01, -9.9865e-01,\n",
       "         -8.4453e-01,  9.9796e-01,  9.9999e-01, -9.9952e-01,  9.9982e-01,\n",
       "         -9.2132e-01, -2.9939e-01,  2.4154e-01, -9.9629e-01,  8.7294e-01,\n",
       "         -2.6251e-01, -1.4036e-01,  9.9998e-01,  9.8967e-01,  8.4268e-01,\n",
       "         -9.9970e-01, -9.5107e-01,  9.9821e-01, -9.9707e-01,  2.5250e-01,\n",
       "          1.0000e+00, -5.0466e-02,  1.0000e+00,  9.9973e-01,  9.9991e-01,\n",
       "         -9.9868e-01, -1.1823e-01,  2.4235e-01, -9.9998e-01,  9.9669e-01,\n",
       "         -9.8928e-01, -1.2723e-01, -7.3238e-01, -6.0759e-02,  1.1363e-01,\n",
       "         -9.9997e-01,  1.4691e-01, -1.8469e-02, -9.1491e-01, -9.9916e-01,\n",
       "         -9.9967e-01, -9.9991e-01,  9.4731e-01,  9.9017e-01, -8.7859e-02,\n",
       "         -3.0892e-01,  2.7563e-01, -2.6276e-01, -9.9997e-01, -9.9875e-01,\n",
       "         -9.9998e-01, -5.9527e-01, -7.8943e-01,  9.9373e-01, -9.9897e-01,\n",
       "          9.9869e-01, -9.9847e-01,  9.9973e-01,  9.9341e-01, -1.1497e-01,\n",
       "         -4.6523e-01, -2.4322e-01, -9.9427e-01, -3.4553e-02, -1.2266e-01,\n",
       "          9.8690e-01,  9.8469e-01,  7.6175e-01, -3.2972e-01,  9.9999e-01,\n",
       "         -9.8722e-01,  9.8511e-01, -1.6384e-01,  9.3001e-01,  1.0000e+00,\n",
       "         -9.9989e-01,  1.5909e-01, -1.0000e+00,  6.7646e-01,  4.3993e-02,\n",
       "          9.9995e-01,  9.9950e-01,  4.0146e-01,  9.9426e-01, -6.1482e-01,\n",
       "         -9.9977e-01,  9.3765e-02, -9.9988e-01,  7.4727e-01,  9.9997e-01,\n",
       "         -2.7780e-01,  1.1794e-01,  9.9999e-01,  6.2868e-01,  7.5513e-01,\n",
       "         -1.4947e-01,  2.9515e-02, -9.9817e-01,  3.4323e-01,  8.4465e-01,\n",
       "          9.9850e-01, -9.6958e-01,  1.9735e-01,  9.4229e-01, -1.7999e-03,\n",
       "         -3.2084e-02, -9.4136e-01, -9.5215e-01,  9.9972e-01,  9.9868e-01,\n",
       "          3.7266e-01, -1.7943e-01,  9.9996e-01,  4.7553e-01,  9.9965e-01,\n",
       "          3.3280e-01,  8.8952e-01, -1.3849e-01,  9.9977e-01,  4.3902e-01,\n",
       "          6.0693e-01, -1.9125e-01,  9.9984e-01, -8.1285e-01, -9.9972e-01,\n",
       "         -2.1695e-02, -9.3712e-01,  4.2562e-01, -9.9556e-01, -5.9942e-01,\n",
       "         -9.5973e-02,  9.9997e-01,  1.9781e-01, -9.8998e-01,  9.9188e-01,\n",
       "         -9.9699e-01,  6.5989e-01, -1.0000e+00, -9.9950e-01,  9.9998e-01,\n",
       "         -3.3611e-01, -1.0000e+00,  4.0038e-01,  1.0000e+00, -9.9391e-01,\n",
       "          9.9984e-01, -2.1611e-01, -9.9921e-01,  1.4487e-01, -1.7501e-01,\n",
       "         -1.0000e+00, -9.9908e-01, -1.0000e+00, -4.0169e-01,  3.7853e-02,\n",
       "          9.9623e-01, -1.0000e+00,  3.2381e-01, -9.9999e-01,  9.9901e-01,\n",
       "          9.9997e-01,  4.1642e-02, -3.8423e-01,  9.9999e-01,  7.3552e-01,\n",
       "          1.5403e-01, -1.3759e-01,  1.4335e-01, -5.5422e-02,  9.5897e-01,\n",
       "          6.0421e-01,  9.9967e-01, -9.9929e-01,  3.0499e-01,  1.9473e-01,\n",
       "         -9.9991e-01, -2.3166e-01,  9.3098e-01,  3.5345e-01,  1.7871e-01,\n",
       "         -2.4302e-02,  1.9015e-01,  9.8702e-01,  9.7498e-01,  1.0000e+00,\n",
       "          8.5477e-01,  1.0000e+00,  9.9997e-01, -3.1031e-01, -9.9179e-01,\n",
       "         -6.7287e-01,  3.3103e-01, -9.9992e-01, -9.5240e-01, -9.9808e-01,\n",
       "          9.8750e-01,  1.9423e-01,  1.0000e+00, -9.9999e-01,  1.0000e+00,\n",
       "         -7.2291e-01,  2.2226e-01, -8.0094e-03,  2.7853e-01, -8.7574e-01,\n",
       "         -1.2154e-01,  9.7929e-01,  1.3277e-01,  9.1486e-01,  9.8995e-01,\n",
       "         -5.6732e-02, -2.1645e-01,  8.7943e-02,  1.8780e-02,  9.9540e-01,\n",
       "         -9.2533e-01,  9.7927e-01, -1.4072e-01,  9.8136e-01, -2.4770e-01,\n",
       "         -9.9999e-01,  9.9991e-01, -9.9748e-01, -4.2634e-01, -9.9974e-01,\n",
       "         -9.3371e-01,  1.4864e-04, -9.9268e-01,  8.9148e-01,  9.9909e-01,\n",
       "          4.1413e-01,  2.1506e-02, -9.9998e-01, -8.8078e-01,  9.8038e-01,\n",
       "          9.9969e-01, -9.9998e-01,  9.9522e-01,  8.9803e-01, -7.9866e-01,\n",
       "          3.9915e-01,  8.6128e-01, -9.9879e-01,  9.9985e-01, -9.9996e-01,\n",
       "         -1.4435e-02,  9.9173e-01, -1.4270e-02, -9.9993e-01, -9.0999e-01,\n",
       "         -8.2443e-03, -2.2060e-01,  2.1498e-01,  9.9983e-01, -2.6087e-01,\n",
       "          1.6454e-01, -9.9998e-01, -9.7230e-01,  2.8673e-02,  1.5523e-01,\n",
       "          9.9778e-01, -9.9995e-01,  8.8842e-01,  9.8983e-01, -9.8895e-01,\n",
       "         -5.5120e-01,  7.8634e-02, -1.2918e-01,  6.4001e-02, -9.9911e-01,\n",
       "         -9.9992e-01, -9.9851e-01,  9.9947e-01, -2.3340e-01, -2.7074e-01,\n",
       "          9.9045e-01,  9.9993e-01,  9.9940e-01, -9.7242e-01,  9.7709e-01,\n",
       "          9.9976e-01, -2.1949e-01,  1.3901e-01,  7.1681e-02, -4.8051e-01,\n",
       "         -4.7350e-01, -9.8679e-01,  8.8515e-02,  8.8888e-01,  6.6937e-02,\n",
       "         -9.1495e-01,  9.9984e-01,  9.9983e-01,  9.9999e-01, -1.2604e-01,\n",
       "         -9.4520e-01,  1.9382e-01, -9.0735e-01, -9.9403e-01,  1.6883e-01,\n",
       "          9.9859e-01, -9.9935e-01,  1.1818e-01,  3.4735e-01, -9.9756e-01,\n",
       "          9.9816e-01, -9.8102e-01,  3.8130e-01, -1.0000e+00, -9.9962e-01,\n",
       "         -1.0000e+00,  9.9999e-01,  1.6888e-01,  3.6540e-02, -9.6193e-01,\n",
       "          9.9999e-01,  9.9629e-01, -8.8937e-01, -2.0947e-01,  9.9992e-01,\n",
       "         -7.2159e-01, -1.6007e-01, -1.0000e+00, -9.9858e-01,  9.9783e-01,\n",
       "          3.9333e-02,  9.9896e-01,  3.3006e-01, -9.9477e-01,  8.9824e-01,\n",
       "          9.6619e-01,  4.0922e-01, -9.9017e-01, -9.8987e-01,  3.3944e-01,\n",
       "          4.6040e-01,  2.2038e-01, -8.9826e-02, -2.8243e-01,  9.9776e-01,\n",
       "          1.4780e-01, -2.7921e-01, -1.7649e-01,  9.9999e-01,  6.4803e-01,\n",
       "         -9.9471e-01, -9.6598e-01,  3.0488e-02, -9.5117e-01, -9.9952e-01,\n",
       "         -9.9989e-01, -5.2847e-03,  1.6333e-01,  1.3589e-01, -9.8126e-01,\n",
       "         -9.9996e-01, -9.9906e-01,  1.7258e-01, -9.8869e-01, -9.9450e-01,\n",
       "         -5.6362e-02, -9.9963e-01, -9.9481e-01,  9.9863e-01, -9.9855e-01,\n",
       "          6.4606e-02,  9.0865e-01,  9.5830e-01, -9.9968e-01, -3.1463e-01,\n",
       "          9.8958e-01, -9.9901e-01,  3.5579e-01, -9.6879e-01,  6.9568e-02,\n",
       "         -8.6197e-01, -9.9995e-01,  3.6487e-01,  9.9992e-01,  9.9828e-01,\n",
       "          9.9493e-01,  8.7963e-01, -4.9073e-01,  9.6151e-01,  9.9969e-01,\n",
       "          9.9995e-01, -2.8234e-04, -7.4136e-03, -9.9998e-01,  1.7399e-01,\n",
       "          8.6304e-01,  2.5531e-01,  3.6463e-01, -9.9935e-01, -1.2671e-01,\n",
       "         -6.7907e-01,  2.8472e-01,  1.0000e+00,  9.7394e-01, -4.2312e-01,\n",
       "         -1.0000e+00,  3.3129e-01, -4.8694e-01, -3.0973e-01, -8.5625e-01,\n",
       "          1.6719e-01,  9.9999e-01, -9.8158e-01,  1.7825e-01, -9.9932e-01,\n",
       "         -9.9753e-01,  9.9999e-01, -9.9999e-01,  9.9994e-01,  1.5392e-03,\n",
       "         -9.2277e-01,  7.5109e-02,  7.5387e-01, -1.3579e-02, -5.0322e-02,\n",
       "         -1.4893e-01, -1.4394e-01, -7.8363e-03, -9.9997e-01, -1.3044e-01,\n",
       "          9.9239e-01, -2.1337e-01, -9.0274e-01, -9.9886e-01,  1.3521e-01,\n",
       "          9.7913e-01, -9.9929e-01, -9.9993e-01, -9.7133e-02, -4.0736e-01,\n",
       "          2.1396e-01, -7.6897e-01, -1.4412e-01, -5.2811e-02, -8.3511e-01,\n",
       "          1.0803e-01,  9.8629e-01, -8.6249e-01,  8.3925e-01, -9.8373e-01,\n",
       "         -8.7906e-01, -2.5923e-01,  9.9970e-01,  9.9702e-01, -9.9985e-01,\n",
       "         -9.9962e-01,  4.4306e-02,  1.5644e-02, -2.5261e-02,  9.9853e-01,\n",
       "         -9.9560e-02, -9.9720e-01, -8.4820e-02,  1.9082e-01, -4.3307e-01,\n",
       "         -7.1221e-01,  1.0000e+00, -9.9056e-01,  1.0000e+00, -9.9999e-01,\n",
       "         -7.8089e-01,  1.0114e-01,  9.9994e-01, -9.9987e-01, -2.6907e-01,\n",
       "          9.9959e-01, -9.9999e-01, -1.4380e-01, -7.3086e-01,  6.6588e-01,\n",
       "         -1.5747e-01, -1.9379e-01,  7.3445e-01, -9.9926e-01,  3.1037e-01,\n",
       "         -9.9967e-01,  7.6428e-01,  9.8238e-01, -9.9988e-01,  2.6186e-01,\n",
       "         -1.0000e+00,  2.6460e-03,  4.9211e-02, -9.9991e-01,  9.9749e-01,\n",
       "          9.9997e-01, -2.3860e-01,  9.5266e-01, -9.9960e-01, -1.6045e-01,\n",
       "         -8.6543e-02, -9.9921e-01, -1.5939e-02, -9.9948e-01,  6.2425e-01,\n",
       "         -9.9086e-01,  9.1137e-01, -9.9986e-01,  9.5784e-01,  9.3682e-01,\n",
       "         -1.9873e-01, -9.2924e-01,  1.6706e-03, -5.1907e-01, -9.9986e-01,\n",
       "          9.7500e-02, -9.9906e-01, -9.9981e-01,  4.6752e-01,  9.9497e-01,\n",
       "          9.4735e-01,  3.0430e-01,  9.8909e-01, -9.9598e-01, -3.8171e-01,\n",
       "          2.2876e-01,  3.3501e-01,  1.0000e+00, -9.9928e-01, -9.9971e-01,\n",
       "          9.7457e-01, -9.9992e-01, -8.0030e-01,  1.0000e+00, -6.2016e-01,\n",
       "          9.9965e-01, -1.2471e-01, -9.9319e-01, -3.5287e-02,  1.3474e-01,\n",
       "          9.9331e-01, -4.0233e-02, -1.3924e-01,  9.8773e-01, -2.2451e-01,\n",
       "         -1.0821e-01, -9.1539e-01,  7.0454e-01,  2.5894e-02, -1.4187e-01,\n",
       "          9.1156e-01, -9.9116e-01, -9.9834e-01, -9.9944e-01,  2.7471e-01,\n",
       "         -3.1385e-01, -8.3096e-02,  4.9766e-02,  7.9293e-01,  9.9970e-01,\n",
       "         -9.9827e-01,  9.9823e-01, -1.0000e+00, -9.9994e-01, -8.3292e-02,\n",
       "         -5.2002e-02,  9.9630e-01,  8.8457e-02,  3.7133e-01,  1.1530e-02,\n",
       "         -9.9692e-01,  9.8298e-01, -9.9767e-01,  9.7026e-01, -1.1914e-02,\n",
       "          1.3532e-01,  9.9994e-01,  9.9825e-01, -3.5689e-02, -9.7185e-01,\n",
       "         -6.6796e-01, -6.0794e-02, -9.9773e-01,  9.9471e-01, -1.0595e-01,\n",
       "         -4.8854e-02,  2.4645e-01, -3.0318e-01, -9.9790e-01, -9.9592e-01,\n",
       "          1.6638e-01,  9.9465e-01, -9.9976e-01,  9.9852e-01, -9.3579e-01,\n",
       "          9.9627e-01,  9.9427e-01,  1.0000e+00, -1.2902e-01,  9.1517e-01,\n",
       "         -9.9929e-01, -9.4703e-01,  9.7929e-01,  9.9444e-01,  1.0000e+00,\n",
       "          9.6740e-01,  6.2475e-02,  2.5172e-01, -9.9998e-01,  9.9593e-01,\n",
       "         -4.5424e-01,  3.3790e-02,  2.2802e-01, -9.8650e-01, -9.9996e-01,\n",
       "          9.9990e-01, -1.0000e+00, -9.9952e-01, -9.9768e-01, -9.9871e-01,\n",
       "          9.9816e-01,  8.6915e-01,  9.9851e-01, -1.7590e-01, -9.9988e-01,\n",
       "         -9.7489e-01,  2.2038e-01, -9.2921e-01, -9.2209e-01,  1.6136e-02,\n",
       "         -1.0000e+00,  2.0048e-01,  8.4272e-03, -9.4981e-01,  4.6519e-01,\n",
       "         -8.5537e-01,  9.3510e-01,  9.3978e-01,  3.3562e-01,  8.1024e-01,\n",
       "         -9.7942e-01, -9.9617e-01,  1.2007e-01, -1.0000e+00,  9.8300e-01,\n",
       "          9.9940e-01,  2.2915e-01, -1.5567e-01, -8.5635e-01,  4.1170e-01,\n",
       "         -9.9997e-01, -1.0000e+00,  9.8747e-01,  9.9998e-01,  2.2807e-01,\n",
       "         -9.9802e-01,  7.4972e-03, -9.9959e-01,  4.9576e-02,  9.2743e-01,\n",
       "          9.9836e-01, -9.9798e-01,  9.8991e-01, -9.3825e-01,  1.4045e-01,\n",
       "          9.9936e-01, -1.0000e+00,  6.9769e-01, -9.9802e-01,  9.9994e-01,\n",
       "         -1.0000e+00,  9.9901e-01, -3.3317e-01,  1.8365e-01, -2.0850e-01,\n",
       "          8.8587e-01, -9.9998e-01, -2.0502e-01,  9.9302e-01,  8.5789e-01,\n",
       "          5.1823e-03,  9.9889e-01, -1.9048e-02]], grad_fn=<TanhBackward0>), hidden_states=None, past_key_values=None, attentions=(tensor([[[[5.3889e-01, 8.1330e-04, 5.1876e-04, 1.4361e-03, 3.5867e-04,\n",
       "           3.5228e-04, 1.9584e-04, 1.4144e-04, 4.5730e-01],\n",
       "          [3.0630e-02, 2.2877e-01, 6.0842e-02, 4.7151e-02, 2.1499e-01,\n",
       "           6.9660e-02, 1.2227e-01, 1.9970e-01, 2.5983e-02],\n",
       "          [1.6484e-02, 8.7204e-02, 3.4615e-01, 9.0787e-02, 1.1289e-01,\n",
       "           7.2476e-02, 8.8163e-02, 1.7581e-01, 1.0041e-02],\n",
       "          [3.9725e-02, 7.1292e-02, 5.9223e-02, 4.7243e-01, 1.0348e-01,\n",
       "           8.7265e-02, 7.1070e-02, 8.8026e-02, 7.4834e-03],\n",
       "          [1.5501e-02, 1.6245e-01, 5.4781e-02, 1.5305e-01, 1.0894e-01,\n",
       "           4.9325e-02, 1.9204e-01, 2.5804e-01, 5.8743e-03],\n",
       "          [6.6600e-02, 1.3019e-01, 1.0442e-01, 8.9093e-02, 1.2127e-01,\n",
       "           1.5271e-01, 1.2627e-01, 1.9655e-01, 1.2891e-02],\n",
       "          [4.4377e-02, 6.5960e-02, 6.5755e-02, 4.8441e-02, 7.4012e-02,\n",
       "           1.0336e-01, 4.1208e-01, 1.7804e-01, 7.9727e-03],\n",
       "          [4.5030e-02, 1.5019e-01, 1.0280e-01, 8.1305e-02, 1.2912e-01,\n",
       "           7.8916e-02, 2.3503e-01, 1.6319e-01, 1.4421e-02],\n",
       "          [5.5865e-01, 2.3168e-03, 7.7250e-04, 1.3834e-03, 8.4560e-04,\n",
       "           2.7629e-04, 3.9956e-04, 2.7809e-04, 4.3508e-01]],\n",
       "\n",
       "         [[9.9009e-01, 7.9879e-04, 1.3436e-03, 3.5951e-04, 6.6458e-04,\n",
       "           2.9767e-04, 9.7418e-05, 6.8801e-05, 6.2751e-03],\n",
       "          [9.3481e-01, 8.1564e-04, 6.2622e-02, 1.5147e-04, 3.8629e-04,\n",
       "           5.1358e-04, 1.0923e-05, 8.1143e-06, 6.8703e-04],\n",
       "          [7.2823e-01, 8.5747e-02, 3.2599e-03, 1.7530e-01, 4.8673e-03,\n",
       "           1.3157e-03, 1.3240e-05, 2.9694e-05, 1.2343e-03],\n",
       "          [1.6187e-01, 4.8583e-05, 2.5169e-01, 1.9559e-03, 5.7034e-01,\n",
       "           1.3453e-02, 8.0260e-05, 1.2108e-04, 4.3751e-04],\n",
       "          [5.9841e-03, 2.6270e-05, 8.5012e-05, 9.9302e-01, 7.3160e-05,\n",
       "           7.7189e-04, 2.7853e-07, 1.8935e-06, 4.1113e-05],\n",
       "          [5.7500e-01, 6.7683e-03, 1.0741e-05, 3.6215e-02, 3.6424e-01,\n",
       "           1.1126e-02, 2.2037e-03, 1.7524e-05, 4.4202e-03],\n",
       "          [2.3278e-02, 9.2677e-06, 1.5130e-04, 5.6945e-06, 1.2193e-04,\n",
       "           4.2599e-03, 2.9313e-05, 9.7166e-01, 4.8824e-04],\n",
       "          [1.3105e-02, 9.2931e-06, 6.3622e-06, 1.4431e-04, 1.2618e-05,\n",
       "           2.2555e-06, 9.6857e-01, 1.8628e-04, 1.7965e-02],\n",
       "          [9.8272e-01, 1.4426e-04, 2.0521e-04, 3.9699e-04, 1.3754e-03,\n",
       "           5.2780e-04, 1.6272e-04, 1.0239e-02, 4.2260e-03]],\n",
       "\n",
       "         [[2.0130e-01, 1.2208e-01, 1.1134e-01, 6.1886e-02, 3.1890e-02,\n",
       "           2.5985e-02, 5.2138e-02, 7.6319e-02, 3.1706e-01],\n",
       "          [5.4060e-01, 2.7608e-01, 6.4465e-03, 1.0231e-02, 6.1213e-03,\n",
       "           4.2217e-03, 1.3685e-02, 5.9429e-03, 1.3667e-01],\n",
       "          [5.0644e-01, 1.4169e-01, 1.5825e-01, 1.0611e-02, 3.7732e-03,\n",
       "           4.5069e-03, 5.0603e-03, 6.1781e-03, 1.6349e-01],\n",
       "          [3.6824e-01, 3.0012e-01, 3.0225e-02, 1.8617e-01, 2.6236e-02,\n",
       "           7.5363e-03, 5.6879e-03, 8.0716e-03, 6.7717e-02],\n",
       "          [2.7302e-01, 2.9449e-01, 1.0959e-01, 5.9130e-02, 1.7469e-01,\n",
       "           7.3904e-03, 5.9665e-03, 4.3941e-03, 7.1333e-02],\n",
       "          [2.7275e-01, 2.5751e-01, 1.0378e-01, 1.0992e-01, 4.5042e-02,\n",
       "           1.4936e-01, 6.8791e-03, 5.8845e-03, 4.8865e-02],\n",
       "          [2.0184e-01, 1.7183e-01, 9.6529e-02, 1.5551e-01, 1.2629e-01,\n",
       "           2.4722e-02, 1.3333e-01, 1.9364e-02, 7.0595e-02],\n",
       "          [2.2387e-01, 1.3134e-01, 7.6753e-02, 1.1010e-01, 1.0799e-01,\n",
       "           1.0256e-01, 8.7249e-02, 8.1081e-02, 7.9049e-02],\n",
       "          [5.7013e-02, 1.4556e-01, 1.0484e-01, 1.0129e-01, 1.0256e-01,\n",
       "           1.2254e-01, 1.2362e-01, 5.0620e-02, 1.9196e-01]],\n",
       "\n",
       "         [[9.8558e-03, 1.0778e-01, 1.5272e-01, 1.6045e-01, 9.9994e-02,\n",
       "           1.4481e-01, 1.0101e-01, 1.1643e-01, 1.0695e-01],\n",
       "          [1.4478e-02, 4.1674e-02, 2.6073e-02, 6.0950e-02, 8.3716e-02,\n",
       "           4.1283e-02, 3.1259e-01, 1.2122e-01, 2.9801e-01],\n",
       "          [2.2589e-02, 1.4257e-02, 2.9992e-02, 9.0622e-02, 1.3936e-01,\n",
       "           9.2872e-02, 1.1360e-01, 1.3547e-01, 3.6123e-01],\n",
       "          [3.8587e-02, 1.6245e-02, 1.9720e-02, 3.9550e-02, 3.9357e-02,\n",
       "           1.0962e-01, 2.1000e-01, 1.6325e-01, 3.6367e-01],\n",
       "          [2.5728e-02, 9.3946e-03, 6.7580e-03, 1.1225e-02, 1.9564e-02,\n",
       "           4.0685e-02, 2.1369e-01, 1.5927e-01, 5.1369e-01],\n",
       "          [6.0773e-02, 1.3140e-02, 6.5095e-03, 7.5516e-03, 1.4672e-02,\n",
       "           2.1638e-02, 1.6303e-01, 2.1701e-01, 4.9567e-01],\n",
       "          [6.4533e-02, 1.5453e-02, 6.0283e-03, 3.8510e-03, 1.2591e-02,\n",
       "           1.1473e-02, 3.6377e-02, 1.2280e-01, 7.2689e-01],\n",
       "          [1.0380e-01, 1.3305e-02, 1.1827e-02, 7.7568e-03, 8.4471e-03,\n",
       "           8.9704e-03, 5.6935e-02, 4.4636e-02, 7.4432e-01],\n",
       "          [6.3264e-02, 7.0899e-02, 5.9475e-02, 6.3881e-02, 4.2164e-02,\n",
       "           3.2610e-02, 1.6661e-01, 1.4371e-01, 3.5738e-01]],\n",
       "\n",
       "         [[9.7004e-01, 3.3167e-03, 9.3360e-04, 4.5986e-04, 5.7789e-04,\n",
       "           8.7873e-05, 1.7129e-04, 6.7079e-05, 2.4341e-02],\n",
       "          [9.3876e-01, 3.4238e-03, 1.3809e-02, 2.1279e-04, 1.5314e-02,\n",
       "           4.3064e-04, 1.5762e-04, 6.1981e-04, 2.7272e-02],\n",
       "          [3.0480e-02, 7.5445e-04, 4.9981e-05, 9.6823e-01, 1.2457e-04,\n",
       "           3.8393e-05, 9.4505e-06, 1.3432e-06, 3.1692e-04],\n",
       "          [1.4144e-02, 3.2024e-04, 5.0000e-05, 5.2667e-04, 9.8387e-01,\n",
       "           1.2237e-04, 8.0973e-07, 1.8840e-04, 7.7412e-04],\n",
       "          [9.3507e-02, 2.7258e-04, 1.2424e-03, 2.3849e-03, 1.0472e-03,\n",
       "           8.7340e-01, 3.2659e-07, 1.0632e-04, 2.8043e-02],\n",
       "          [3.5375e-01, 2.9688e-04, 8.1869e-03, 6.5634e-02, 6.3896e-03,\n",
       "           7.5505e-03, 3.6463e-01, 4.3266e-05, 1.9353e-01],\n",
       "          [1.3644e-02, 1.2292e-05, 9.5232e-09, 1.8769e-06, 1.6586e-05,\n",
       "           3.1371e-07, 7.6803e-06, 9.8591e-01, 4.0842e-04],\n",
       "          [3.0971e-02, 4.2658e-05, 1.8703e-05, 2.1830e-06, 1.0012e-04,\n",
       "           3.7624e-05, 2.7890e-05, 1.0968e-03, 9.6770e-01],\n",
       "          [9.7368e-01, 4.9028e-04, 1.0970e-04, 3.5182e-04, 4.6267e-05,\n",
       "           1.5721e-04, 4.7082e-04, 3.2600e-04, 2.4364e-02]],\n",
       "\n",
       "         [[6.3702e-01, 1.9184e-02, 4.1135e-02, 2.0080e-02, 2.2379e-02,\n",
       "           2.2716e-02, 7.2910e-03, 2.5347e-02, 2.0485e-01],\n",
       "          [6.7589e-01, 2.1866e-01, 2.3722e-04, 6.1761e-04, 1.0485e-03,\n",
       "           3.5951e-03, 3.8498e-03, 1.1724e-02, 8.4375e-02],\n",
       "          [7.3364e-01, 4.4099e-04, 1.6622e-01, 2.4805e-03, 5.3007e-03,\n",
       "           6.2960e-03, 7.4814e-05, 3.6618e-03, 8.1885e-02],\n",
       "          [7.9192e-01, 4.0491e-03, 5.1351e-03, 1.1512e-01, 9.5238e-03,\n",
       "           7.4368e-03, 1.7337e-04, 1.0120e-02, 5.6524e-02],\n",
       "          [6.1970e-01, 2.9825e-03, 3.3144e-03, 3.8354e-03, 3.3185e-01,\n",
       "           2.3444e-03, 1.5566e-05, 2.6775e-04, 3.5683e-02],\n",
       "          [6.8885e-01, 1.3970e-02, 1.3377e-02, 7.5715e-03, 8.8324e-03,\n",
       "           2.3563e-01, 5.5361e-05, 4.0574e-04, 3.1310e-02],\n",
       "          [4.2393e-01, 2.6981e-03, 1.8043e-04, 1.9428e-04, 2.7107e-05,\n",
       "           3.6900e-05, 5.3761e-01, 5.6603e-03, 2.9665e-02],\n",
       "          [4.8575e-01, 1.9504e-02, 3.6744e-03, 1.0626e-02, 3.4694e-04,\n",
       "           1.8887e-04, 3.6312e-03, 4.5898e-01, 1.7289e-02],\n",
       "          [9.6492e-01, 5.5628e-03, 2.9182e-03, 2.6256e-03, 8.0268e-04,\n",
       "           1.2572e-03, 9.1767e-04, 1.8256e-03, 1.9172e-02]],\n",
       "\n",
       "         [[4.8846e-02, 5.4369e-02, 1.7088e-01, 1.2614e-01, 2.8200e-01,\n",
       "           1.1860e-01, 4.2013e-02, 1.0896e-01, 4.8197e-02],\n",
       "          [4.1312e-01, 5.8366e-02, 7.3490e-02, 9.3397e-02, 6.3207e-02,\n",
       "           8.5311e-02, 6.6367e-02, 2.9749e-02, 1.1700e-01],\n",
       "          [4.3781e-01, 8.7739e-02, 7.2784e-02, 5.3857e-02, 6.6176e-02,\n",
       "           5.0853e-02, 5.8611e-02, 1.0049e-01, 7.1675e-02],\n",
       "          [4.6083e-01, 8.1480e-02, 5.8849e-02, 7.0910e-02, 8.8721e-02,\n",
       "           5.2044e-02, 5.0520e-02, 4.6653e-02, 8.9988e-02],\n",
       "          [4.4898e-01, 6.3867e-02, 7.9575e-02, 6.6418e-02, 9.2571e-02,\n",
       "           5.3404e-02, 4.8850e-02, 5.4926e-02, 9.1409e-02],\n",
       "          [3.8854e-01, 8.0611e-02, 6.0665e-02, 6.2315e-02, 6.4347e-02,\n",
       "           7.8928e-02, 7.3074e-02, 5.2905e-02, 1.3862e-01],\n",
       "          [3.7680e-01, 8.0125e-02, 6.8392e-02, 6.5785e-02, 1.0623e-01,\n",
       "           4.0353e-02, 2.4613e-02, 2.9712e-02, 2.0799e-01],\n",
       "          [5.0846e-01, 6.4531e-02, 6.0173e-02, 5.3480e-02, 5.4517e-02,\n",
       "           4.0048e-02, 5.2343e-02, 2.3821e-02, 1.4263e-01],\n",
       "          [2.1803e-01, 6.9116e-02, 1.3697e-01, 8.0609e-02, 8.6232e-02,\n",
       "           9.4712e-02, 5.4365e-02, 1.3239e-01, 1.2757e-01]],\n",
       "\n",
       "         [[1.9500e-01, 1.3939e-01, 1.0028e-01, 9.6980e-02, 6.1499e-02,\n",
       "           4.6958e-02, 4.7657e-02, 1.0036e-01, 2.1187e-01],\n",
       "          [8.7167e-02, 1.0065e-01, 4.8402e-01, 3.2307e-02, 1.7199e-01,\n",
       "           2.7551e-02, 1.5557e-02, 1.6073e-02, 6.4682e-02],\n",
       "          [4.4048e-02, 2.8105e-01, 1.7297e-02, 4.7562e-01, 5.0466e-02,\n",
       "           1.9921e-02, 3.3073e-02, 2.4759e-02, 5.3763e-02],\n",
       "          [8.3046e-02, 2.7678e-02, 3.6065e-01, 4.7530e-02, 3.5670e-01,\n",
       "           4.1273e-02, 1.5237e-02, 3.0548e-02, 3.7342e-02],\n",
       "          [3.3819e-02, 1.2190e-01, 3.7805e-02, 2.4207e-01, 3.3281e-02,\n",
       "           3.8856e-01, 1.0379e-02, 6.3535e-02, 6.8649e-02],\n",
       "          [3.6110e-02, 1.9737e-02, 2.9177e-02, 1.3825e-02, 1.7741e-01,\n",
       "           1.9948e-02, 5.6790e-01, 3.1637e-02, 1.0426e-01],\n",
       "          [6.8761e-02, 6.4823e-02, 3.4329e-02, 6.3532e-02, 4.8352e-02,\n",
       "           2.8473e-01, 1.4686e-02, 3.5275e-01, 6.8042e-02],\n",
       "          [1.6133e-02, 1.8334e-02, 7.4517e-04, 5.2074e-03, 1.6373e-02,\n",
       "           1.4832e-03, 8.4608e-01, 1.3739e-02, 8.1908e-02],\n",
       "          [2.2461e-01, 3.2792e-02, 4.3837e-02, 4.5648e-02, 7.7418e-02,\n",
       "           7.6584e-02, 1.8500e-02, 2.3629e-01, 2.4432e-01]],\n",
       "\n",
       "         [[1.2121e-02, 4.2270e-02, 4.5250e-01, 7.9742e-02, 1.5271e-01,\n",
       "           8.8392e-02, 2.8138e-02, 8.0268e-02, 6.3860e-02],\n",
       "          [5.3345e-03, 4.8777e-01, 5.1502e-02, 2.4114e-02, 2.8312e-02,\n",
       "           4.9212e-02, 1.5539e-01, 1.2757e-01, 7.0795e-02],\n",
       "          [6.4345e-03, 4.8901e-01, 1.2947e-02, 1.8506e-02, 5.9854e-02,\n",
       "           3.4775e-02, 4.9120e-02, 2.8708e-01, 4.2270e-02],\n",
       "          [4.5547e-03, 3.2445e-01, 8.7701e-02, 1.3400e-02, 6.7506e-02,\n",
       "           7.4242e-02, 1.6400e-01, 1.9208e-01, 7.2067e-02],\n",
       "          [9.4243e-03, 1.7487e-01, 1.1849e-01, 2.6113e-02, 1.7939e-02,\n",
       "           4.4236e-02, 1.9014e-01, 3.3394e-01, 8.4849e-02],\n",
       "          [6.6893e-03, 1.3376e-01, 6.5291e-02, 4.9981e-02, 1.6612e-01,\n",
       "           5.3070e-02, 1.8442e-01, 2.7679e-01, 6.3891e-02],\n",
       "          [3.0912e-02, 5.4829e-02, 1.0803e-01, 3.2179e-02, 8.8002e-02,\n",
       "           4.4180e-02, 3.4185e-01, 9.3574e-02, 2.0645e-01],\n",
       "          [2.3251e-03, 6.5613e-01, 2.4121e-02, 7.1843e-03, 1.9756e-02,\n",
       "           3.3261e-02, 1.4804e-01, 8.4097e-02, 2.5083e-02],\n",
       "          [1.4497e-02, 7.4836e-02, 3.5363e-01, 8.0076e-02, 1.3148e-01,\n",
       "           7.1680e-02, 1.9933e-02, 1.1284e-01, 1.4103e-01]],\n",
       "\n",
       "         [[6.8831e-01, 1.5488e-02, 4.3910e-02, 1.7035e-02, 1.0525e-01,\n",
       "           2.4250e-02, 1.5466e-02, 2.3256e-02, 6.7034e-02],\n",
       "          [1.6876e-01, 3.5310e-01, 1.1163e-02, 1.4554e-02, 2.5598e-02,\n",
       "           2.4012e-02, 2.2277e-02, 3.9492e-02, 3.4105e-01],\n",
       "          [4.0504e-01, 3.5609e-02, 1.4065e-02, 1.8970e-02, 3.5616e-02,\n",
       "           2.5364e-02, 7.2253e-02, 9.4020e-02, 2.9906e-01],\n",
       "          [4.4537e-01, 2.0140e-02, 2.0873e-02, 8.9388e-03, 2.9214e-02,\n",
       "           1.5983e-02, 3.1600e-02, 4.8538e-02, 3.7934e-01],\n",
       "          [4.0737e-01, 6.6906e-02, 3.1568e-02, 2.7553e-02, 2.3317e-02,\n",
       "           2.6766e-02, 4.2035e-02, 3.7614e-02, 3.3687e-01],\n",
       "          [7.4696e-01, 2.4002e-02, 2.3971e-02, 2.0159e-02, 1.4879e-02,\n",
       "           6.9426e-03, 8.9211e-03, 8.4016e-03, 1.4577e-01],\n",
       "          [6.0872e-01, 1.0423e-02, 2.3513e-02, 7.3025e-03, 2.0690e-02,\n",
       "           8.3556e-03, 2.7422e-01, 2.3321e-02, 2.3455e-02],\n",
       "          [3.6835e-01, 4.1927e-02, 7.4427e-02, 1.8734e-02, 3.4421e-02,\n",
       "           1.1208e-02, 1.1245e-01, 2.5054e-01, 8.7946e-02],\n",
       "          [5.2525e-01, 2.9705e-02, 7.4799e-02, 7.1710e-02, 1.6167e-02,\n",
       "           4.2756e-02, 1.8876e-02, 1.5920e-02, 2.0482e-01]],\n",
       "\n",
       "         [[9.7831e-01, 3.7339e-03, 2.1322e-03, 2.1253e-03, 3.2283e-03,\n",
       "           1.2743e-03, 1.4142e-03, 1.7452e-03, 6.0381e-03],\n",
       "          [2.4117e-02, 4.4597e-02, 8.2194e-01, 6.9713e-02, 1.8879e-02,\n",
       "           7.5555e-03, 2.9424e-03, 9.1835e-04, 9.3405e-03],\n",
       "          [7.9172e-03, 3.1538e-02, 5.4258e-02, 3.0463e-01, 5.3045e-01,\n",
       "           2.6052e-02, 3.6654e-02, 5.5124e-03, 2.9936e-03],\n",
       "          [3.1094e-03, 1.1367e-02, 1.5094e-02, 1.8075e-02, 4.9175e-01,\n",
       "           4.3268e-01, 1.4058e-02, 4.5961e-03, 9.2761e-03],\n",
       "          [7.7409e-03, 1.6393e-03, 1.0502e-02, 1.7837e-03, 4.1398e-02,\n",
       "           7.2481e-01, 1.6672e-01, 7.7510e-03, 3.7655e-02],\n",
       "          [6.3895e-04, 1.4296e-04, 2.9668e-04, 7.9495e-04, 1.3451e-03,\n",
       "           1.2118e-02, 9.0427e-01, 6.0101e-02, 2.0294e-02],\n",
       "          [6.8900e-03, 2.9788e-03, 3.5670e-04, 6.5257e-04, 1.3833e-02,\n",
       "           4.3056e-03, 2.8345e-02, 3.5821e-01, 5.8443e-01],\n",
       "          [1.6177e-03, 1.3575e-03, 7.8367e-04, 3.5766e-05, 1.4530e-04,\n",
       "           5.3419e-04, 1.5407e-03, 5.6462e-03, 9.8834e-01],\n",
       "          [9.9317e-01, 1.3115e-04, 1.3363e-04, 7.0585e-05, 3.2297e-05,\n",
       "           9.5799e-06, 2.7236e-04, 4.9142e-04, 5.6925e-03]],\n",
       "\n",
       "         [[4.3261e-01, 3.7812e-02, 5.2428e-02, 1.7527e-02, 2.1711e-02,\n",
       "           1.1494e-02, 2.3806e-02, 1.5603e-02, 3.8701e-01],\n",
       "          [6.1792e-01, 2.2161e-01, 2.2420e-02, 2.4847e-02, 5.6790e-03,\n",
       "           3.7765e-03, 3.8837e-02, 3.6135e-02, 2.8775e-02],\n",
       "          [4.6530e-02, 9.3188e-01, 7.1738e-03, 1.6582e-03, 5.8347e-03,\n",
       "           3.2233e-04, 2.3709e-04, 9.7740e-04, 5.3902e-03],\n",
       "          [3.4887e-02, 1.2933e-01, 7.8629e-01, 2.1552e-02, 6.1483e-03,\n",
       "           1.5103e-02, 8.8984e-04, 2.4573e-04, 5.5601e-03],\n",
       "          [5.1058e-02, 6.9579e-02, 3.4782e-01, 4.1589e-01, 4.8365e-02,\n",
       "           1.1986e-02, 4.9978e-02, 7.8150e-04, 4.5425e-03],\n",
       "          [1.4605e-01, 3.3123e-02, 1.0081e-02, 1.0834e-01, 6.5766e-01,\n",
       "           3.1751e-02, 8.9226e-03, 2.3800e-03, 1.6955e-03],\n",
       "          [2.2633e-01, 2.0361e-02, 1.2751e-02, 2.4921e-02, 1.2951e-01,\n",
       "           5.0570e-01, 2.8940e-02, 1.2273e-02, 3.9213e-02],\n",
       "          [4.4322e-02, 1.6350e-03, 7.4749e-04, 2.6290e-03, 6.2678e-03,\n",
       "           4.0242e-03, 9.0574e-01, 2.7076e-02, 7.5544e-03],\n",
       "          [8.7123e-02, 2.3567e-03, 7.0703e-04, 5.0601e-04, 5.4139e-03,\n",
       "           5.5111e-03, 3.5071e-02, 1.5268e-01, 7.1063e-01]]]],\n",
       "       grad_fn=<SoftmaxBackward0>), tensor([[[[4.6989e-01, 1.7429e-02, 7.4285e-03, 3.8488e-03, 1.2403e-02,\n",
       "           1.1570e-02, 1.7193e-02, 1.4132e-02, 4.4610e-01],\n",
       "          [4.8319e-01, 9.8059e-03, 3.7722e-02, 3.3822e-03, 1.9888e-03,\n",
       "           5.3543e-04, 1.7310e-03, 2.3245e-03, 4.5933e-01],\n",
       "          [1.0591e-01, 7.7740e-01, 6.9046e-03, 3.2042e-03, 3.6916e-03,\n",
       "           1.8556e-04, 1.0835e-03, 6.6769e-05, 1.0156e-01],\n",
       "          [1.6020e-02, 1.3554e-03, 9.6204e-01, 2.2611e-04, 2.0074e-03,\n",
       "           2.2458e-03, 9.8329e-05, 5.3175e-05, 1.5952e-02],\n",
       "          [2.7367e-01, 1.6153e-02, 3.9140e-03, 4.2800e-01, 6.2956e-03,\n",
       "           9.0326e-03, 8.5584e-03, 2.7440e-03, 2.5164e-01],\n",
       "          [7.2453e-02, 4.0463e-03, 7.1308e-04, 7.0256e-05, 8.4902e-01,\n",
       "           1.8480e-03, 1.0703e-03, 4.7839e-04, 7.0303e-02],\n",
       "          [2.6789e-01, 2.4411e-03, 7.7267e-03, 2.3485e-03, 1.6571e-03,\n",
       "           4.4731e-01, 1.9884e-03, 1.6735e-03, 2.6697e-01],\n",
       "          [7.1553e-02, 1.1124e-04, 1.2181e-04, 3.8118e-04, 5.7397e-04,\n",
       "           5.4654e-05, 8.5479e-01, 6.1012e-05, 7.2357e-02],\n",
       "          [4.7117e-01, 1.6915e-02, 6.9151e-03, 3.7719e-03, 1.1822e-02,\n",
       "           1.0963e-02, 1.6156e-02, 1.5220e-02, 4.4707e-01]],\n",
       "\n",
       "         [[4.7494e-01, 9.3309e-03, 1.0379e-02, 3.5468e-03, 4.0393e-03,\n",
       "           1.2528e-02, 9.7165e-03, 7.5615e-03, 4.6795e-01],\n",
       "          [1.0241e-01, 9.5413e-02, 1.5144e-01, 5.9103e-02, 9.2108e-02,\n",
       "           1.4138e-01, 8.8762e-02, 1.6535e-01, 1.0404e-01],\n",
       "          [2.2382e-01, 5.0842e-02, 9.4643e-02, 4.3509e-02, 6.8266e-02,\n",
       "           9.1580e-02, 7.3063e-02, 1.2739e-01, 2.2689e-01],\n",
       "          [1.8365e-01, 2.7371e-02, 1.0979e-01, 8.0588e-02, 1.2059e-01,\n",
       "           8.1234e-02, 7.6321e-02, 1.3178e-01, 1.8868e-01],\n",
       "          [2.3769e-01, 2.8638e-02, 1.0106e-01, 6.8596e-02, 9.3710e-02,\n",
       "           6.1779e-02, 5.3602e-02, 1.0709e-01, 2.4783e-01],\n",
       "          [3.9556e-01, 1.2087e-02, 1.7651e-02, 1.2146e-02, 1.7789e-02,\n",
       "           2.7492e-02, 4.4357e-02, 8.1899e-02, 3.9102e-01],\n",
       "          [4.3296e-01, 8.4721e-03, 1.6028e-02, 1.0483e-02, 1.5732e-02,\n",
       "           2.7097e-02, 1.5412e-02, 4.0920e-02, 4.3290e-01],\n",
       "          [3.5404e-01, 1.5718e-02, 1.5422e-02, 8.3894e-03, 3.2376e-02,\n",
       "           5.7113e-02, 4.9706e-02, 1.1244e-01, 3.5479e-01],\n",
       "          [4.7581e-01, 8.9245e-03, 1.0061e-02, 3.4206e-03, 3.9208e-03,\n",
       "           1.2192e-02, 9.3219e-03, 7.1845e-03, 4.6917e-01]],\n",
       "\n",
       "         [[4.9668e-01, 1.3903e-02, 7.0120e-03, 4.7320e-03, 3.3677e-03,\n",
       "           1.0812e-02, 4.9807e-03, 2.7354e-03, 4.5578e-01],\n",
       "          [4.0738e-01, 1.9599e-01, 5.4118e-03, 1.0166e-03, 1.7042e-03,\n",
       "           6.2587e-04, 1.5359e-03, 1.7182e-03, 3.8462e-01],\n",
       "          [3.7878e-01, 8.1071e-02, 1.4286e-01, 1.0269e-02, 2.1122e-02,\n",
       "           1.5035e-03, 8.4151e-03, 3.3405e-03, 3.5264e-01],\n",
       "          [3.3887e-01, 5.6113e-03, 1.1869e-02, 9.1436e-02, 2.3952e-01,\n",
       "           2.9450e-04, 1.3886e-03, 9.4830e-04, 3.1007e-01],\n",
       "          [3.0751e-01, 1.1259e-02, 5.6475e-03, 5.4553e-02, 2.9711e-01,\n",
       "           1.3635e-03, 4.2196e-02, 3.8707e-03, 2.7649e-01],\n",
